2 0.55859375 0.9375 0.08203125 0.1203125
2 0.28984375 0.875 0.1421875 0.19921875
2 0.0828125 0.62265625 0.0796875 0.07421875
2 0.07578125 0.59140625 0.0625 0.08671875
2 0.03828125 0.540625 0.0578125 0.11328125
2 0.2484375 0.5671875 0.0578125 0.12265625
2 0.225 0.73671875 0.10078125 0.1734375
2 0.18515625 0.56640625 0.053125 0.11328125
2 0.32578125 0.6078125 0.05078125 0.11328125
2 0.38671875 0.60703125 0.06484375 0.10078125
2 0.34765625 0.51171875 0.06953125 0.08671875
2 0.5140625 0.70078125 0.06953125 0.12734375
2 0.53828125 0.66796875 0.053125 0.11328125