2 0.92890625 0.46875 0.1421875 0.0765625
2 0.7046875 0.4828125 0.12734375 0.06015625
2 0.8734375 0.6875 0.196875 0.1203125
2 0.7296875 0.7484375 0.1515625 0.06953125
2 0.78515625 0.98984375 0.1015625 0.0203125
2 0.6671875 0.978125 0.12265625 0.04296875
2 0.6234375 0.896875 0.0890625 0.06953125
2 0.58046875 0.82578125 0.084375 0.03125
2 0.4703125 0.7296875 0.10078125 0.04296875
2 0.56640625 0.74296875 0.11328125 0.06953125
2 0.58515625 0.6609375 0.10546875 0.0453125
2 0.62109375 0.6078125 0.09140625 0.04296875
2 0.521875 0.62109375 0.1109375 0.07421875
2 0.546875 0.953125 0.08203125 0.06484375