2 0.5296875 0.93125 0.06015625 0.13671875
2 0.31640625 0.890625 0.10078125 0.2046875
2 0.25703125 0.7359375 0.0796875 0.146875
2 0.01953125 0.79921875 0.03828125 0.13203125
2 0.01953125 0.6578125 0.03828125 0.134375
2 0.10703125 0.6265625 0.10078125 0.09140625
2 0.0984375 0.56640625 0.05546875 0.09375
2 0.0515625 0.53828125 0.06953125 0.1078125
2 0.171875 0.553125 0.0453125 0.084375
2 0.271875 0.4796875 0.04296875 0.10078125
2 0.271875 0.571875 0.05546875 0.10078125
2 0.33671875 0.578125 0.0484375 0.071875
2 0.3859375 0.603125 0.0578125 0.11328125
2 0.37890625 0.53125 0.06015625 0.1078125
2 0.5109375 0.70703125 0.0671875 0.10546875