2 0.7546875 0.19453125 0.196875 0.178125
2 0.5421875 0.040625 0.08671875 0.0765625
2 0.58984375 0.209375 0.06015625 0.1296875
2 0.475 0.38359375 0.06484375 0.115625
2 0.66328125 0.30390625 0.0484375 0.084375
2 0.86796875 0.36796875 0.0984375 0.09140625
2 0.93984375 0.41015625 0.10546875 0.08203125
2 0.8421875 0.4578125 0.07421875 0.0765625
2 0.80390625 0.390625 0.06484375 0.08203125
2 0.64921875 0.5328125 0.06015625 0.09140625
2 0.66015625 0.42421875 0.084375 0.10078125
2 0.41953125 0.1765625 0.06015625 0.13203125