2 0.8546875 0.42578125 0.11796875 0.03359375
2 0.64296875 0.46875 0.14453125 0.0671875
2 0.8234375 0.6109375 0.1515625 0.0578125
2 0.8234375 0.83046875 0.1921875 0.21875
2 0.65390625 0.9 0.13671875 0.1078125
2 0.58984375 0.94609375 0.1078125 0.0984375
2 0.59375 0.81875 0.09375 0.05078125
2 0.54453125 0.853125 0.071875 0.06484375
2 0.7125 0.6890625 0.1109375 0.05546875
2 0.56640625 0.68046875 0.09375 0.05546875
2 0.46484375 0.67578125 0.08671875 0.0578125
2 0.55859375 0.6234375 0.1078125 0.06484375