2 0.57734375 0.94296875 0.1109375 0.1140625
2 0.2875 0.9046875 0.1609375 0.18984375
2 0.21015625 0.73828125 0.11328125 0.15859375
2 0.07421875 0.64296875 0.08671875 0.0890625
2 0.06484375 0.59375 0.071875 0.10078125
2 0.0328125 0.55078125 0.06015625 0.09375
2 0.525 0.72578125 0.0578125 0.14921875
2 0.54453125 0.665625 0.03828125 0.0984375
2 0.38671875 0.6 0.04296875 0.134375
2 0.32421875 0.5796875 0.04296875 0.1078125
2 0.26171875 0.57578125 0.05546875 0.11328125
2 0.26953125 0.4890625 0.04296875 0.11796875
2 0.3453125 0.5140625 0.06015625 0.09140625
2 0.171875 0.5640625 0.04296875 0.11796875