2 0.94296875 0.42109375 0.1140625 0.1109375
2 0.9046875 0.7125 0.18984375 0.1609375
2 0.73828125 0.78984375 0.15859375 0.11328125
2 0.64296875 0.92578125 0.0890625 0.08671875
2 0.59375 0.93515625 0.10078125 0.071875
2 0.55078125 0.9671875 0.09375 0.06015625
2 0.72578125 0.475 0.14921875 0.0578125
2 0.665625 0.45546875 0.0984375 0.03828125
2 0.6 0.61328125 0.134375 0.04296875
2 0.5796875 0.67578125 0.1078125 0.04296875
2 0.57578125 0.73828125 0.11328125 0.05546875
2 0.4890625 0.73046875 0.11796875 0.04296875
2 0.5140625 0.6546875 0.09140625 0.06015625
2 0.5640625 0.828125 0.11796875 0.04296875