2 0.4625 0.09765625 0.0453125 0.1296875
2 0.62265625 0.16328125 0.053125 0.146875
2 0.6984375 0.2609375 0.0578125 0.0984375
2 0.71015625 0.3328125 0.040625 0.0796875
2 0.90390625 0.16953125 0.1921875 0.178125
2 0.93984375 0.34140625 0.1203125 0.11796875
2 0.9625 0.39296875 0.07421875 0.09140625
2 0.85 0.38125 0.08203125 0.08203125
2 0.87265625 0.453125 0.06484375 0.08203125
2 0.9171875 0.46015625 0.0484375 0.071875
2 0.82421875 0.44921875 0.04296875 0.0890625
2 0.70546875 0.5296875 0.071875 0.09140625
2 0.703125 0.43125 0.07421875 0.1078125
2 0.6359375 0.4234375 0.053125 0.09140625
2 0.4578125 0.353125 0.05078125 0.11796875
2 0.5109375 0.296875 0.0484375 0.115625