2 0.1390625 0.5796875 0.15390625 0.05546875
2 0.17421875 0.39296875 0.134375 0.0578125
2 0.35234375 0.53125 0.1296875 0.06953125
2 0.1734375 0.18359375 0.1921875 0.21640625
2 0.35234375 0.1078125 0.10546875 0.10078125
2 0.4046875 0.05390625 0.09140625 0.09609375
2 0.4484375 0.3265625 0.08671875 0.06484375
2 0.290625 0.3234375 0.13671875 0.06015625
2 0.53984375 0.3375 0.09609375 0.0578125
2 0.43515625 0.3859375 0.1109375 0.06484375
2 0.40234375 0.1859375 0.084375 0.06015625
2 0.45546875 0.13671875 0.1109375 0.07421875