2 0.09765625 0.5375 0.1296875 0.0453125
2 0.16328125 0.37734375 0.146875 0.053125
2 0.2609375 0.3015625 0.0984375 0.0578125
2 0.3328125 0.28984375 0.0796875 0.040625
2 0.16953125 0.09609375 0.178125 0.1921875
2 0.34140625 0.06015625 0.11796875 0.1203125
2 0.39296875 0.0375 0.09140625 0.07421875
2 0.38125 0.15 0.08203125 0.08203125
2 0.453125 0.12734375 0.08203125 0.06484375
2 0.46015625 0.0828125 0.071875 0.0484375
2 0.44921875 0.17578125 0.0890625 0.04296875
2 0.5296875 0.29453125 0.09140625 0.071875
2 0.43125 0.296875 0.1078125 0.07421875
2 0.4234375 0.3640625 0.09140625 0.053125
2 0.353125 0.5421875 0.11796875 0.05078125
2 0.296875 0.4890625 0.115625 0.0484375