2 0.646875 0.96484375 0.11796875 0.06953125
2 0.18984375 0.89921875 0.22578125 0.19453125
2 0.1984375 0.7609375 0.1078125 0.1734375
2 0.55390625 0.734375 0.0453125 0.1421875
2 0.54453125 0.66796875 0.0578125 0.15625
2 0.36328125 0.61328125 0.053125 0.0984375
2 0.25859375 0.68125 0.03359375 0.10078125
2 0.23203125 0.56953125 0.06484375 0.09609375
2 0.18359375 0.5640625 0.0484375 0.08203125
2 0.3265625 0.52734375 0.05546875 0.09609375
2 0.3796875 0.5203125 0.05078125 0.10078125
2 0.2703125 0.49375 0.03125 0.103125
2 0.046875 0.64453125 0.0890625 0.08203125
2 0.046875 0.6 0.071875 0.06953125
2 0.025 0.5578125 0.05 0.09375