2 0.3484375 0.86796875 0.0765625 0.15859375
2 0.2640625 0.73203125 0.07421875 0.1609375
2 0.06015625 0.828125 0.1203125 0.17578125
2 0.04296875 0.66640625 0.0859375 0.1109375
2 0.02265625 0.60078125 0.0453125 0.08203125
2 0.12890625 0.62265625 0.07421875 0.09140625
2 0.0984375 0.55859375 0.0578125 0.0890625
2 0.178125 0.553125 0.05546875 0.084375
2 0.28359375 0.5734375 0.0625 0.0984375
2 0.34765625 0.5875 0.053125 0.09609375
2 0.4078125 0.53515625 0.07421875 0.09375
2 0.54921875 0.65859375 0.071875 0.14921875
2 0.53125 0.9203125 0.06484375 0.14453125
2 0.396875 0.61640625 0.06953125 0.09375