2 0.07109375 0.53125 0.1421875 0.0765625
2 0.2953125 0.5171875 0.12734375 0.06015625
2 0.1265625 0.3125 0.196875 0.1203125
2 0.2703125 0.2515625 0.1515625 0.06953125
2 0.21328125 0.009375 0.1015625 0.01875
2 0.3328125 0.021875 0.12265625 0.04296875
2 0.3765625 0.103125 0.0890625 0.06953125
2 0.41953125 0.17421875 0.084375 0.03125
2 0.5296875 0.2703125 0.10078125 0.04296875
2 0.43359375 0.25703125 0.11328125 0.06953125
2 0.41484375 0.3390625 0.10546875 0.0453125
2 0.37890625 0.3921875 0.09140625 0.04296875
2 0.478125 0.37890625 0.1109375 0.07421875
2 0.453125 0.046875 0.08203125 0.06484375