2 0.9484375 0.4125 0.103125 0.1296875
2 0.9046875 0.7296875 0.18984375 0.1515625
2 0.7515625 0.79296875 0.15625 0.10546875
2 0.67890625 0.74140625 0.09140625 0.05078125
2 0.5609375 0.8265625 0.103125 0.03359375
2 0.634375 0.93125 0.08671875 0.09140625
2 0.58984375 0.94921875 0.0625 0.0796875
2 0.55625 0.97109375 0.0984375 0.05078125
2 0.49140625 0.73828125 0.08203125 0.04296875
2 0.5828125 0.7484375 0.0796875 0.0625
2 0.59375 0.68515625 0.07421875 0.0453125
2 0.5171875 0.66953125 0.0984375 0.0578125
2 0.61796875 0.625 0.10078125 0.05546875
2 0.5296875 0.615625 0.10546875 0.040625
2 0.65859375 0.45078125 0.11328125 0.0578125
2 0.73671875 0.46171875 0.1421875 0.06953125