2 0.81953125 0.08515625 0.21875 0.16328125
2 0.82109375 0.23828125 0.10546875 0.15625
2 0.9578125 0.3546875 0.07421875 0.071875
2 0.9578125 0.3953125 0.06484375 0.0890625
2 0.98203125 0.44921875 0.0359375 0.09609375
2 0.7453125 0.31484375 0.03359375 0.0890625
2 0.77421875 0.43125 0.05546875 0.11796875
2 0.81015625 0.4375 0.02890625 0.071875
2 0.73046875 0.4890625 0.04296875 0.07421875
2 0.6984375 0.41796875 0.0484375 0.0671875
2 0.640625 0.3859375 0.053125 0.07421875
2 0.6734375 0.47578125 0.05078125 0.071875
2 0.625 0.475 0.053125 0.0984375
2 0.4546875 0.303125 0.06484375 0.1609375
2 0.4390625 0.2453125 0.0359375 0.1109375