2 0.1 0.1890625 0.19921875 0.21171875
2 0.240625 0.19375 0.1703125 0.10078125
2 0.36796875 0.04921875 0.08671875 0.0796875
2 0.4046875 0.0453125 0.09609375 0.0484375
2 0.45078125 0.021875 0.1109375 0.04296875
2 0.3765625 0.36640625 0.103125 0.06484375
2 0.24375 0.55859375 0.1078125 0.0359375
2 0.3171875 0.5453125 0.1203125 0.03828125
2 0.475 0.3328125 0.0890625 0.04296875
2 0.428125 0.234375 0.10078125 0.0671875
2 0.43046875 0.18515625 0.08203125 0.040625
2 0.4265625 0.3015625 0.084375 0.0453125
2 0.50234375 0.2640625 0.08203125 0.0265625
2 0.49140625 0.37265625 0.1296875 0.0578125
2 0.03515625 0.65859375 0.06953125 0.1203125