2 0.92421875 0.88671875 0.1515625 0.22578125
2 0.77421875 0.853125 0.18984375 0.1296875
2 0.5984375 0.96640625 0.0765625 0.0671875
2 0.578125 0.79296875 0.0984375 0.0796875
2 0.6984375 0.7515625 0.10546875 0.053125
2 0.71875 0.4625 0.1421875 0.05546875
2 0.78515625 0.4359375 0.08671875 0.040625
2 0.6234375 0.6421875 0.09375 0.05546875
2 0.515625 0.7171875 0.10078125 0.040625
2 0.51796875 0.68359375 0.0796875 0.04296875
2 0.51796875 0.61796875 0.1109375 0.05546875
2 0.64765625 0.96640625 0.084375 0.0625