2 0.8125 0.0953125 0.2140625 0.18046875
2 0.8171875 0.2328125 0.1078125 0.16796875
2 0.9546875 0.3578125 0.08671875 0.0890625
2 0.9578125 0.390625 0.05546875 0.09609375
2 0.98046875 0.4390625 0.03359375 0.09140625
2 0.74140625 0.3140625 0.04296875 0.09375
2 0.7796875 0.415625 0.06953125 0.0890625
2 0.6359375 0.3796875 0.0484375 0.084375
2 0.43984375 0.240625 0.03359375 0.115625
2 0.44921875 0.3109375 0.0453125 0.146875
2 0.61640625 0.4796875 0.040625 0.1078125
2 0.66484375 0.478125 0.0578125 0.0890625
2 0.7046875 0.4265625 0.03359375 0.0984375
2 0.73046875 0.48671875 0.04296875 0.0890625
2 0.34609375 0.0421875 0.125 0.084375