2 0.94296875 0.428125 0.1140625 0.103125
2 0.8953125 0.71015625 0.19453125 0.1421875
2 0.7359375 0.78359375 0.18046875 0.1109375
2 0.6421875 0.91796875 0.09609375 0.0796875
2 0.59375 0.93125 0.09375 0.07421875
2 0.55390625 0.96875 0.11328125 0.0578125
2 0.57578125 0.74140625 0.1078125 0.06015625
2 0.5609375 0.821875 0.103125 0.0453125
2 0.4734375 0.74375 0.1078125 0.0453125
2 0.615625 0.61640625 0.11328125 0.06484375
2 0.59140625 0.678125 0.0984375 0.0625
2 0.521875 0.64921875 0.1078125 0.084375
2 0.740625 0.475 0.15390625 0.0765625
2 0.66796875 0.45078125 0.115625 0.06015625