2 0.89609375 0.803125 0.2078125 0.215625
2 0.75859375 0.79453125 0.15390625 0.11328125
2 0.6390625 0.95078125 0.071875 0.09375
2 0.60078125 0.953125 0.06953125 0.0625
2 0.553125 0.978125 0.10078125 0.04296875
2 0.95859375 0.36328125 0.0828125 0.1265625
2 0.75859375 0.4515625 0.10546875 0.053125
2 0.671875 0.453125 0.12734375 0.0453125
2 0.61328125 0.63828125 0.08671875 0.0484375
2 0.56953125 0.821875 0.08671875 0.0359375
2 0.5828125 0.76953125 0.0890625 0.06015625
2 0.5171875 0.6703125 0.08203125 0.0484375
2 0.5984375 0.6890625 0.1078125 0.03828125
2 0.51171875 0.73046875 0.12265625 0.040625
2 0.51796875 0.6140625 0.10546875 0.053125