2 0.453125 0.1046875 0.0671875 0.16328125
2 0.46171875 0.36796875 0.0578125 0.1078125
2 0.51171875 0.29296875 0.03828125 0.1078125
2 0.6140625 0.165625 0.05078125 0.15625
2 0.69921875 0.27421875 0.06484375 0.1109375
2 0.8796875 0.16328125 0.22109375 0.1828125
2 0.9359375 0.3375 0.12265625 0.1390625
2 0.8375 0.39765625 0.0625 0.084375
2 0.86171875 0.44609375 0.06484375 0.0984375
2 0.921875 0.4484375 0.0625 0.115625
2 0.96171875 0.4015625 0.07421875 0.08203125
2 0.6859375 0.52265625 0.0578125 0.09140625
2 0.6875 0.44453125 0.06015625 0.10078125
2 0.62109375 0.4421875 0.05546875 0.12265625