2 0.86796875 0.6515625 0.15859375 0.0765625
2 0.73203125 0.7359375 0.1609375 0.07421875
2 0.828125 0.93984375 0.17578125 0.1203125
2 0.66640625 0.95625 0.1109375 0.0875
2 0.60078125 0.97734375 0.08203125 0.0453125
2 0.62265625 0.87109375 0.09140625 0.07421875
2 0.55859375 0.9015625 0.0890625 0.0578125
2 0.553125 0.821875 0.084375 0.05546875
2 0.5734375 0.71640625 0.0984375 0.0625
2 0.5875 0.65234375 0.09609375 0.053125
2 0.53515625 0.5921875 0.09375 0.07421875
2 0.65859375 0.45078125 0.14921875 0.071875
2 0.9203125 0.46875 0.14453125 0.06484375
2 0.61640625 0.603125 0.09375 0.06953125