2 0.1265625 0.909375 0.240625 0.18125
2 0.0375 0.64765625 0.06953125 0.0796875
2 0.03125 0.6 0.0625 0.09375
2 0.259375 0.6921875 0.0484375 0.09609375
2 0.15390625 0.771875 0.1390625 0.15859375
2 0.53359375 0.70546875 0.0625 0.14921875
2 0.5625 0.775 0.0359375 0.1296875
2 0.36640625 0.62265625 0.040625 0.09140625
2 0.228125 0.56484375 0.05546875 0.115625
2 0.19375 0.5765625 0.0484375 0.12265625
2 0.26953125 0.53125 0.06015625 0.12265625
2 0.3734375 0.52421875 0.05078125 0.0984375
2 0.31484375 0.515625 0.05078125 0.10078125