2 0.09140625 0.8421875 0.1828125 0.19453125
2 0.05625 0.65625 0.1109375 0.13671875
2 0.2953125 0.72734375 0.06953125 0.14921875
2 0.37265625 0.85234375 0.0578125 0.18046875
2 0.5375 0.9125 0.05546875 0.14453125
2 0.5421875 0.6671875 0.040625 0.1515625
2 0.49296875 0.7125 0.040625 0.10078125
2 0.365625 0.5828125 0.04296875 0.10078125
2 0.30078125 0.578125 0.07421875 0.12734375
2 0.2984375 0.46171875 0.06015625 0.0984375
2 0.1390625 0.5734375 0.06015625 0.0890625
2 0.0890625 0.546875 0.05078125 0.10078125
2 0.0328125 0.5921875 0.06484375 0.115625
2 0.1875 0.56640625 0.05546875 0.09375