2 0.4703125 0.06875 0.06015625 0.13671875
2 0.68359375 0.109375 0.10078125 0.2046875
2 0.74296875 0.2640625 0.0796875 0.146875
2 0.98046875 0.20078125 0.03828125 0.13203125
2 0.98046875 0.3421875 0.03828125 0.134375
2 0.89296875 0.3734375 0.10078125 0.09140625
2 0.9015625 0.43359375 0.05546875 0.09375
2 0.9484375 0.46171875 0.06953125 0.1078125
2 0.828125 0.446875 0.0453125 0.084375
2 0.728125 0.5203125 0.04296875 0.10078125
2 0.728125 0.428125 0.05546875 0.10078125
2 0.66328125 0.421875 0.0484375 0.071875
2 0.6140625 0.396875 0.0578125 0.11328125
2 0.62109375 0.46875 0.06015625 0.1078125
2 0.4890625 0.29296875 0.0671875 0.10546875