2 0.3703125 0.0453125 0.13125 0.090625
2 0.4515625 0.25390625 0.05546875 0.1203125
2 0.4515625 0.32578125 0.040625 0.13671875
2 0.7953125 0.1046875 0.22109375 0.209375
2 0.946875 0.34609375 0.08671875 0.0984375
2 0.95078125 0.39765625 0.0671875 0.0796875
2 0.97421875 0.44765625 0.0515625 0.0734375
2 0.79453125 0.25234375 0.0984375 0.1703125
2 0.74296875 0.32109375 0.04296875 0.084375
2 0.76328125 0.4265625 0.0625 0.0984375
2 0.81875 0.44453125 0.0359375 0.10078125
2 0.6921875 0.4203125 0.03828125 0.09375
2 0.73671875 0.515625 0.03828125 0.09140625
2 0.63359375 0.38671875 0.0625 0.09375
2 0.66953125 0.4796875 0.05078125 0.11328125
2 0.609375 0.4859375 0.0578125 0.12734375