2 0.1078125 0.55390625 0.1515625 0.05078125
2 0.34765625 0.53125 0.13671875 0.0484375
2 0.1671875 0.390625 0.1390625 0.040625
2 0.28515625 0.29921875 0.1109375 0.06953125
2 0.17421875 0.140625 0.18984375 0.21640625
2 0.35 0.0765625 0.115625 0.12734375
2 0.4359375 0.303125 0.084375 0.0765625
2 0.53515625 0.321875 0.0796875 0.05078125
2 0.43125 0.3796875 0.07421875 0.0453125
2 0.453125 0.19609375 0.0765625 0.0359375
2 0.4515625 0.1390625 0.09140625 0.05546875
2 0.4234375 0.046875 0.115625 0.0796875