2 0.4125 0.0515625 0.1296875 0.103125
2 0.7296875 0.0953125 0.1515625 0.18984375
2 0.79296875 0.2484375 0.10546875 0.15625
2 0.74140625 0.32109375 0.05078125 0.09140625
2 0.8265625 0.4390625 0.03359375 0.103125
2 0.93125 0.365625 0.09140625 0.08671875
2 0.94921875 0.41015625 0.0796875 0.0625
2 0.97109375 0.44375 0.05078125 0.0984375
2 0.73828125 0.50859375 0.04296875 0.08203125
2 0.7484375 0.4171875 0.0625 0.0796875
2 0.68515625 0.40625 0.0453125 0.07421875
2 0.66953125 0.4828125 0.0578125 0.0984375
2 0.625 0.38203125 0.05546875 0.10078125
2 0.615625 0.4703125 0.040625 0.10546875
2 0.45078125 0.34140625 0.0578125 0.11328125
2 0.46171875 0.26328125 0.06953125 0.1421875