2 0.65234375 0.4546875 0.134375 0.053125
2 0.91328125 0.4515625 0.146875 0.0796875
2 0.84375 0.62265625 0.1515625 0.0578125
2 0.73203125 0.70546875 0.11796875 0.0578125
2 0.83671875 0.89921875 0.2015625 0.2015625
2 0.665625 0.9390625 0.11796875 0.1203125
2 0.603125 0.96640625 0.09609375 0.0671875
2 0.546875 0.91015625 0.084375 0.04296875
2 0.6140625 0.84140625 0.071875 0.05546875
2 0.5484375 0.8171875 0.071875 0.03359375
2 0.546875 0.8765625 0.10078125 0.06484375
2 0.5671875 0.703125 0.10078125 0.084375
2 0.4640625 0.70546875 0.11328125 0.06953125
2 0.5640625 0.63828125 0.11328125 0.05546875
2 0.703125 0.50859375 0.134375 0.0625