2 0.93359375 0.4640625 0.13203125 0.0796875
2 0.88125 0.71015625 0.18515625 0.1421875
2 0.74140625 0.76328125 0.14453125 0.071875
2 0.62734375 0.90390625 0.0890625 0.07421875
2 0.578125 0.92578125 0.1078125 0.06484375
2 0.5375 0.95703125 0.1109375 0.04296875
2 0.6265625 0.98515625 0.1 0.0296875
2 0.56875 0.74609375 0.08671875 0.06953125
2 0.553125 0.828125 0.10078125 0.0453125
2 0.46484375 0.73671875 0.09140625 0.05078125
2 0.584375 0.67421875 0.0890625 0.0453125
2 0.50859375 0.64921875 0.09609375 0.0625
2 0.60546875 0.62109375 0.07421875 0.0625
2 0.69921875 0.49140625 0.13203125 0.06015625
2 0.64296875 0.45546875 0.10546875 0.0484375