2 0.89296875 0.44921875 0.1296875 0.0578125
2 0.8421875 0.61875 0.1421875 0.0453125
2 0.728125 0.69453125 0.125 0.0625
2 0.83046875 0.88828125 0.19453125 0.2234375
2 0.65390625 0.9359375 0.115625 0.12734375
2 0.6 0.96484375 0.09609375 0.06953125
2 0.54921875 0.9171875 0.071875 0.0484375
2 0.6078125 0.8421875 0.07421875 0.053125
2 0.5515625 0.86171875 0.0765625 0.05546875
2 0.54296875 0.8109375 0.0765625 0.04296875
2 0.56484375 0.7015625 0.09609375 0.07421875
2 0.46171875 0.6921875 0.11796875 0.05546875
2 0.57421875 0.62734375 0.09375 0.05546875
2 0.64296875 0.4515625 0.1109375 0.071875
2 0.703125 0.51171875 0.0984375 0.03828125