2 0.57421875 0.8546875 0.03359375 0.11796875
2 0.53125 0.64296875 0.0671875 0.14453125
2 0.3890625 0.8234375 0.0578125 0.1515625
2 0.16953125 0.8234375 0.21875 0.1921875
2 0.1 0.65390625 0.1078125 0.13671875
2 0.05390625 0.58984375 0.0984375 0.1078125
2 0.18125 0.59375 0.05078125 0.09375
2 0.146875 0.54453125 0.06484375 0.071875
2 0.3109375 0.7125 0.05546875 0.1109375
2 0.31953125 0.56640625 0.05546875 0.09375
2 0.32421875 0.46484375 0.0578125 0.08671875
2 0.3765625 0.55859375 0.06484375 0.1078125