2 0.91484375 0.85 0.1703125 0.23046875
2 0.7703125 0.8328125 0.16796875 0.13203125
2 0.646875 0.9640625 0.0984375 0.06953125
2 0.603125 0.96171875 0.07421875 0.071875
2 0.584375 0.78984375 0.0984375 0.0890625
2 0.69375 0.74296875 0.115625 0.05078125
2 0.5328125 0.7234375 0.125 0.05546875
2 0.52734375 0.678125 0.0984375 0.0484375
2 0.61640625 0.63671875 0.1078125 0.05078125
2 0.53984375 0.6234375 0.12734375 0.06484375
2 0.6984375 0.4640625 0.14921875 0.0578125
2 0.75703125 0.4328125 0.1203125 0.0578125