2 0.22265625 0.89765625 0.19453125 0.19453125
2 0.62265625 0.95078125 0.125 0.0984375
2 0.5421875 0.74609375 0.06484375 0.125
2 0.55078125 0.67890625 0.05078125 0.13203125
2 0.3703125 0.6203125 0.04296875 0.115625
2 0.33515625 0.521875 0.053125 0.125
2 0.30078125 0.58203125 0.04296875 0.12265625
2 0.27890625 0.4984375 0.040625 0.08203125
2 0.23671875 0.5734375 0.06015625 0.09609375
2 0.17890625 0.571875 0.03828125 0.13671875
2 0.2140625 0.74296875 0.09609375 0.1703125
2 0.0578125 0.6390625 0.08671875 0.09609375
2 0.05546875 0.60078125 0.06015625 0.08203125
2 0.021875 0.54921875 0.04296875 0.1109375
2 0.39453125 0.49765625 0.053125 0.09375