2 0.11328125 0.92421875 0.22578125 0.1515625
2 0.146875 0.77421875 0.1296875 0.18984375
2 0.03359375 0.5984375 0.0671875 0.0765625
2 0.20703125 0.578125 0.0796875 0.0984375
2 0.2484375 0.6984375 0.053125 0.10546875
2 0.5375 0.71875 0.05546875 0.1421875
2 0.5640625 0.78515625 0.040625 0.08671875
2 0.3578125 0.6234375 0.05546875 0.09375
2 0.2828125 0.515625 0.040625 0.10078125
2 0.31640625 0.51796875 0.04296875 0.0796875
2 0.38203125 0.51796875 0.05546875 0.1109375
2 0.03359375 0.64765625 0.0625 0.084375