2 0.46875 0.0734375 0.0578125 0.13671875
2 0.478125 0.28359375 0.04296875 0.13203125
2 0.7015625 0.1359375 0.12734375 0.22109375
2 0.75390625 0.26796875 0.06953125 0.1203125
2 0.82578125 0.43046875 0.0359375 0.1109375
2 0.89921875 0.3734375 0.0890625 0.071875
2 0.91328125 0.4171875 0.06015625 0.09609375
2 0.9578125 0.459375 0.0484375 0.08671875
2 0.98203125 0.359375 0.0359375 0.0890625
2 0.74609375 0.43515625 0.0578125 0.084375
2 0.734375 0.5359375 0.0484375 0.0890625
2 0.6765625 0.41796875 0.06484375 0.10078125
2 0.61171875 0.3859375 0.06484375 0.1078125
2 0.634375 0.4890625 0.05546875 0.09140625