2 0.0453125 0.628125 0.090625 0.13125
2 0.25390625 0.5484375 0.1203125 0.05546875
2 0.32578125 0.5484375 0.13671875 0.040625
2 0.1046875 0.2046875 0.209375 0.22109375
2 0.34609375 0.053125 0.0984375 0.08671875
2 0.39765625 0.04921875 0.0796875 0.0671875
2 0.44765625 0.025 0.0734375 0.05
2 0.25234375 0.20546875 0.1703125 0.0984375
2 0.32109375 0.25703125 0.084375 0.04296875
2 0.4265625 0.23671875 0.0984375 0.0625
2 0.44453125 0.18125 0.10078125 0.0359375
2 0.4203125 0.3078125 0.09375 0.03828125
2 0.515625 0.26328125 0.09140625 0.03828125
2 0.38671875 0.36640625 0.09375 0.0625
2 0.4796875 0.33046875 0.11328125 0.05078125
2 0.4859375 0.390625 0.12734375 0.0578125