2 0.88671875 0.07578125 0.22578125 0.1515625
2 0.853125 0.22578125 0.1296875 0.18984375
2 0.96640625 0.4015625 0.0671875 0.0765625
2 0.79296875 0.421875 0.0796875 0.0984375
2 0.7515625 0.3015625 0.053125 0.10546875
2 0.4625 0.28125 0.05546875 0.1421875
2 0.4359375 0.21484375 0.040625 0.08671875
2 0.6421875 0.3765625 0.05546875 0.09375
2 0.7171875 0.484375 0.040625 0.10078125
2 0.68359375 0.48203125 0.04296875 0.0796875
2 0.61796875 0.48203125 0.05546875 0.1109375
2 0.96640625 0.35234375 0.0625 0.084375