2 0.8609375 0.4203125 0.15390625 0.05546875
2 0.82578125 0.60703125 0.134375 0.0578125
2 0.64765625 0.46875 0.1296875 0.06953125
2 0.8265625 0.81640625 0.1921875 0.21640625
2 0.64765625 0.8921875 0.10546875 0.10078125
2 0.5953125 0.94609375 0.09140625 0.09609375
2 0.5515625 0.6734375 0.08671875 0.06484375
2 0.709375 0.6765625 0.13671875 0.06015625
2 0.46015625 0.6625 0.09609375 0.0578125
2 0.56484375 0.6140625 0.1109375 0.06484375
2 0.59765625 0.8140625 0.084375 0.06015625
2 0.54453125 0.86328125 0.1109375 0.07421875