2 0.0953125 0.1875 0.18046875 0.2140625
2 0.2328125 0.1828125 0.16796875 0.1078125
2 0.3578125 0.0453125 0.0890625 0.08671875
2 0.390625 0.0421875 0.09609375 0.05546875
2 0.4390625 0.01953125 0.09140625 0.03359375
2 0.3140625 0.25859375 0.09375 0.04296875
2 0.415625 0.2203125 0.0890625 0.06953125
2 0.3796875 0.3640625 0.084375 0.0484375
2 0.240625 0.56015625 0.115625 0.03359375
2 0.3109375 0.55078125 0.146875 0.0453125
2 0.4796875 0.38359375 0.1078125 0.040625
2 0.478125 0.33515625 0.0890625 0.0578125
2 0.4265625 0.2953125 0.0984375 0.03359375
2 0.48671875 0.26953125 0.0890625 0.04296875
2 0.0421875 0.65390625 0.084375 0.125