2 0.5359375 0.93359375 0.0796875 0.13203125
2 0.28984375 0.88125 0.1421875 0.18515625
2 0.23671875 0.74140625 0.071875 0.14453125
2 0.09609375 0.62734375 0.07421875 0.0890625
2 0.07421875 0.578125 0.06484375 0.1078125
2 0.04296875 0.5375 0.04296875 0.1109375
2 0.0140625 0.6265625 0.028125 0.1
2 0.25390625 0.56875 0.06953125 0.08671875
2 0.171875 0.553125 0.0453125 0.10078125
2 0.26328125 0.46484375 0.05078125 0.09140625
2 0.32578125 0.584375 0.0453125 0.0890625
2 0.35078125 0.50859375 0.0625 0.09609375
2 0.37890625 0.60546875 0.0625 0.07421875
2 0.50859375 0.69921875 0.06015625 0.13203125
2 0.54453125 0.64296875 0.0484375 0.10546875