2 0.44140625 0.0625 0.08203125 0.1203125
2 0.71015625 0.125 0.1421875 0.19921875
2 0.9171875 0.37734375 0.0796875 0.07421875
2 0.92421875 0.40859375 0.0625 0.08671875
2 0.96171875 0.459375 0.0578125 0.11328125
2 0.7515625 0.4328125 0.0578125 0.12265625
2 0.775 0.26328125 0.10078125 0.1734375
2 0.81484375 0.43359375 0.053125 0.11328125
2 0.67421875 0.3921875 0.05078125 0.11328125
2 0.61328125 0.39296875 0.06484375 0.10078125
2 0.65234375 0.48828125 0.06953125 0.08671875
2 0.4859375 0.29921875 0.06953125 0.12734375
2 0.46171875 0.33203125 0.053125 0.11328125