2 0.85546875 0.4328125 0.10546875 0.0453125
2 0.64296875 0.46640625 0.13203125 0.05546875
2 0.8265625 0.609375 0.13203125 0.06015625
2 0.7125 0.69140625 0.10078125 0.05546875
2 0.81953125 0.8328125 0.18984375 0.22109375
2 0.6546875 0.90390625 0.10078125 0.1078125
2 0.58671875 0.9484375 0.1421875 0.0984375
2 0.5328125 0.8578125 0.10078125 0.0578125
2 0.5640625 0.678125 0.0984375 0.07421875
2 0.4671875 0.67421875 0.08671875 0.053125
2 0.57578125 0.61796875 0.10078125 0.053125
2 0.59140625 0.8171875 0.09609375 0.053125