2 0.05625 0.571875 0.1125 0.103125
2 0.1046875 0.28984375 0.19453125 0.1421875
2 0.2640625 0.21640625 0.18046875 0.1109375
2 0.3578125 0.08203125 0.09609375 0.0796875
2 0.40625 0.06875 0.09375 0.07421875
2 0.44609375 0.03125 0.11328125 0.0578125
2 0.42421875 0.25859375 0.1078125 0.06015625
2 0.4390625 0.178125 0.103125 0.0453125
2 0.5265625 0.25625 0.1078125 0.0453125
2 0.384375 0.38359375 0.11328125 0.06484375
2 0.40859375 0.321875 0.0984375 0.0625
2 0.478125 0.35078125 0.1078125 0.084375
2 0.259375 0.525 0.15390625 0.0765625
2 0.33203125 0.54921875 0.115625 0.06015625