2 0.0515625 0.5875 0.103125 0.1296875
2 0.0953125 0.2703125 0.18984375 0.1515625
2 0.2484375 0.20703125 0.15625 0.10546875
2 0.32109375 0.25859375 0.09140625 0.05078125
2 0.4390625 0.1734375 0.103125 0.03359375
2 0.365625 0.06875 0.08671875 0.09140625
2 0.41015625 0.05078125 0.0625 0.0796875
2 0.44375 0.02890625 0.0984375 0.05078125
2 0.50859375 0.26171875 0.08203125 0.04296875
2 0.4171875 0.2515625 0.0796875 0.0625
2 0.40625 0.31484375 0.07421875 0.0453125
2 0.4828125 0.33046875 0.0984375 0.0578125
2 0.38203125 0.375 0.10078125 0.05546875
2 0.4703125 0.384375 0.10546875 0.040625
2 0.34140625 0.54921875 0.11328125 0.0578125
2 0.26328125 0.53828125 0.1421875 0.06953125