2 0.5453125 0.65234375 0.053125 0.134375
2 0.5484375 0.91328125 0.0796875 0.146875
2 0.37734375 0.84375 0.0578125 0.1515625
2 0.29453125 0.73203125 0.0578125 0.11796875
2 0.10078125 0.83671875 0.2015625 0.2015625
2 0.0609375 0.665625 0.1203125 0.11796875
2 0.03359375 0.603125 0.0671875 0.09609375
2 0.08984375 0.546875 0.04296875 0.084375
2 0.15859375 0.6140625 0.05546875 0.071875
2 0.1828125 0.5484375 0.03359375 0.071875
2 0.1234375 0.546875 0.06484375 0.10078125
2 0.296875 0.5671875 0.084375 0.10078125
2 0.29453125 0.4640625 0.06953125 0.11328125
2 0.36171875 0.5640625 0.05546875 0.11328125
2 0.49140625 0.703125 0.0625 0.134375