2 0.08515625 0.18046875 0.16328125 0.21875
2 0.23828125 0.17890625 0.15625 0.10546875
2 0.3546875 0.0421875 0.071875 0.07421875
2 0.3953125 0.0421875 0.0890625 0.06484375
2 0.44921875 0.01796875 0.09609375 0.0359375
2 0.31484375 0.2546875 0.0890625 0.03359375
2 0.43125 0.22578125 0.11796875 0.05546875
2 0.4375 0.18984375 0.071875 0.02890625
2 0.4890625 0.26953125 0.07421875 0.04296875
2 0.41796875 0.3015625 0.0671875 0.0484375
2 0.3859375 0.359375 0.07421875 0.053125
2 0.47578125 0.3265625 0.071875 0.05078125
2 0.475 0.375 0.0984375 0.053125
2 0.303125 0.5453125 0.1609375 0.06484375
2 0.2453125 0.5609375 0.1109375 0.0359375