2 0.96484375 0.353125 0.06953125 0.11796875
2 0.89921875 0.81015625 0.19453125 0.22578125
2 0.7609375 0.8015625 0.1734375 0.1078125
2 0.734375 0.44609375 0.1421875 0.0453125
2 0.66796875 0.45546875 0.15625 0.0578125
2 0.61328125 0.63671875 0.0984375 0.053125
2 0.68125 0.74140625 0.10078125 0.03359375
2 0.56953125 0.76796875 0.09609375 0.06484375
2 0.5640625 0.81640625 0.08203125 0.0484375
2 0.52734375 0.6734375 0.09609375 0.05546875
2 0.5203125 0.6203125 0.10078125 0.05078125
2 0.49375 0.7296875 0.103125 0.03125
2 0.64453125 0.953125 0.08203125 0.0890625
2 0.6 0.953125 0.06953125 0.071875
2 0.5578125 0.97421875 0.09375 0.0515625