2 0.9375 0.44140625 0.1203125 0.08203125
2 0.875 0.71015625 0.19921875 0.1421875
2 0.62265625 0.9171875 0.07421875 0.0796875
2 0.59140625 0.92421875 0.08671875 0.0625
2 0.540625 0.96171875 0.11328125 0.0578125
2 0.5671875 0.7515625 0.12265625 0.0578125
2 0.73671875 0.775 0.1734375 0.10078125
2 0.56640625 0.81484375 0.11328125 0.053125
2 0.6078125 0.67421875 0.11328125 0.05078125
2 0.60703125 0.61328125 0.10078125 0.06484375
2 0.51171875 0.65234375 0.08671875 0.06953125
2 0.70078125 0.4859375 0.12734375 0.06953125
2 0.66796875 0.46171875 0.11328125 0.053125