2 0.89765625 0.77734375 0.19453125 0.19453125
2 0.95078125 0.37734375 0.0984375 0.125
2 0.74609375 0.4578125 0.125 0.06484375
2 0.67890625 0.44921875 0.13203125 0.05078125
2 0.6203125 0.6296875 0.115625 0.04296875
2 0.521875 0.66484375 0.125 0.053125
2 0.58203125 0.69921875 0.12265625 0.04296875
2 0.4984375 0.72109375 0.08203125 0.040625
2 0.5734375 0.76328125 0.09609375 0.06015625
2 0.571875 0.82109375 0.13671875 0.03828125
2 0.74296875 0.7859375 0.1703125 0.09609375
2 0.6390625 0.9421875 0.09609375 0.08671875
2 0.60078125 0.94453125 0.08203125 0.06015625
2 0.54921875 0.978125 0.1109375 0.04296875
2 0.49765625 0.60546875 0.09375 0.053125