2 0.1453125 0.57421875 0.11796875 0.03359375
2 0.35703125 0.53125 0.14453125 0.0671875
2 0.1765625 0.3890625 0.1515625 0.0578125
2 0.1765625 0.16953125 0.1921875 0.21875
2 0.34609375 0.1 0.13671875 0.1078125
2 0.41015625 0.05390625 0.1078125 0.0984375
2 0.40625 0.18125 0.09375 0.05078125
2 0.45546875 0.146875 0.071875 0.06484375
2 0.2875 0.3109375 0.1109375 0.05546875
2 0.43359375 0.31953125 0.09375 0.05546875
2 0.53515625 0.32421875 0.08671875 0.0578125
2 0.44140625 0.3765625 0.1078125 0.06484375