2 0.92890625 0.44921875 0.1421875 0.08203125
2 0.88359375 0.7140625 0.196875 0.1515625
2 0.734375 0.76796875 0.1609375 0.08203125
2 0.5890625 0.74296875 0.0984375 0.05078125
2 0.54921875 0.821875 0.09609375 0.03828125
2 0.61796875 0.9078125 0.09609375 0.0796875
2 0.5796875 0.92421875 0.09140625 0.06953125
2 0.55078125 0.95703125 0.10546875 0.05078125
2 0.59375 0.66796875 0.0984375 0.05078125
2 0.4703125 0.7359375 0.08203125 0.06015625
2 0.509375 0.65390625 0.08671875 0.07421875
2 0.7046875 0.48203125 0.11796875 0.0625
2 0.6453125 0.44453125 0.134375 0.05078125
2 0.609375 0.61328125 0.10078125 0.06484375