2 0.1046875 0.546875 0.16328125 0.0671875
2 0.36796875 0.53828125 0.1078125 0.0578125
2 0.29296875 0.48828125 0.1078125 0.03828125
2 0.165625 0.3859375 0.15625 0.05078125
2 0.27421875 0.30078125 0.1109375 0.06484375
2 0.16328125 0.1203125 0.1828125 0.22109375
2 0.3375 0.0640625 0.1390625 0.12265625
2 0.39765625 0.1625 0.084375 0.0625
2 0.44609375 0.13828125 0.0984375 0.06484375
2 0.4484375 0.078125 0.115625 0.0625
2 0.4015625 0.03828125 0.08203125 0.07421875
2 0.52265625 0.3140625 0.09140625 0.0578125
2 0.44453125 0.3125 0.10078125 0.06015625
2 0.4421875 0.37890625 0.12265625 0.05546875