2 0.08984375 0.1265625 0.1796875 0.240625
2 0.35234375 0.0375 0.0796875 0.06953125
2 0.4 0.03125 0.09375 0.0625
2 0.3078125 0.259375 0.09609375 0.0484375
2 0.228125 0.15390625 0.15859375 0.1390625
2 0.29453125 0.53359375 0.14921875 0.0625
2 0.225 0.5625 0.1296875 0.0359375
2 0.37734375 0.36640625 0.09140625 0.040625
2 0.43515625 0.228125 0.115625 0.05546875
2 0.4234375 0.19375 0.12265625 0.0484375
2 0.46875 0.26953125 0.12265625 0.06015625
2 0.47578125 0.3734375 0.0984375 0.05078125
2 0.484375 0.31484375 0.10078125 0.05078125