2 0.1765625 0.0625 0.1921875 0.125
2 0.34140625 0.04296875 0.1203125 0.0859375
2 0.39921875 0.025 0.0984375 0.0484375
2 0.3796875 0.1359375 0.0890625 0.084375
2 0.44609375 0.10078125 0.11796875 0.08203125
2 0.4515625 0.16953125 0.07421875 0.0625
2 0.2765625 0.2671875 0.1296875 0.07421875
2 0.140625 0.35234375 0.17578125 0.084375
2 0.41015625 0.35234375 0.103125 0.06015625
2 0.43046875 0.2953125 0.12265625 0.05078125
2 0.46875 0.38203125 0.11328125 0.0625
2 0.34765625 0.54453125 0.134375 0.0625
2 0.28984375 0.49765625 0.1390625 0.06015625
2 0.0875 0.53125 0.1421875 0.05546875
2 0.53125 0.28984375 0.10546875 0.0578125