2 0.871875 0.08984375 0.240625 0.1796875
2 0.9625 0.35234375 0.06953125 0.0796875
2 0.96875 0.4 0.0625 0.09375
2 0.740625 0.3078125 0.0484375 0.09609375
2 0.84609375 0.228125 0.1390625 0.15859375
2 0.46640625 0.29453125 0.0625 0.14921875
2 0.4375 0.225 0.0359375 0.1296875
2 0.63359375 0.37734375 0.040625 0.09140625
2 0.771875 0.43515625 0.05546875 0.115625
2 0.80625 0.4234375 0.0484375 0.12265625
2 0.73046875 0.46875 0.06015625 0.12265625
2 0.6265625 0.47578125 0.05078125 0.0984375
2 0.68515625 0.484375 0.05078125 0.10078125