2 0.6515625 0.13203125 0.0765625 0.15859375
2 0.7359375 0.26796875 0.07421875 0.1609375
2 0.93984375 0.171875 0.1203125 0.17578125
2 0.95625 0.33203125 0.0875 0.1109375
2 0.97734375 0.39921875 0.0453125 0.08203125
2 0.87109375 0.37734375 0.07421875 0.09140625
2 0.9015625 0.44140625 0.0578125 0.0890625
2 0.821875 0.446875 0.05546875 0.084375
2 0.71640625 0.4265625 0.0625 0.0984375
2 0.65234375 0.4125 0.053125 0.09609375
2 0.5921875 0.46484375 0.07421875 0.09375
2 0.45078125 0.34140625 0.071875 0.14921875
2 0.46875 0.0796875 0.06484375 0.14453125
2 0.603125 0.38359375 0.06953125 0.09375