2 0.4640625 0.06640625 0.0796875 0.13203125
2 0.71015625 0.11875 0.1421875 0.18515625
2 0.76328125 0.25859375 0.071875 0.14453125
2 0.90390625 0.37265625 0.07421875 0.0890625
2 0.92578125 0.421875 0.06484375 0.1078125
2 0.95703125 0.4625 0.04296875 0.1109375
2 0.98515625 0.371875 0.0296875 0.1
2 0.74609375 0.43125 0.06953125 0.08671875
2 0.828125 0.446875 0.0453125 0.10078125
2 0.73671875 0.53515625 0.05078125 0.09140625
2 0.67421875 0.415625 0.0453125 0.0890625
2 0.64921875 0.49140625 0.0625 0.09609375
2 0.62109375 0.39453125 0.0625 0.07421875
2 0.49140625 0.30078125 0.06015625 0.13203125
2 0.45546875 0.35703125 0.0484375 0.10546875