2 0.80546875 0.7546875 0.178125 0.196875
2 0.959375 0.5421875 0.0765625 0.08671875
2 0.790625 0.58984375 0.1296875 0.06015625
2 0.61640625 0.475 0.115625 0.06484375
2 0.69609375 0.66328125 0.084375 0.0484375
2 0.63203125 0.86796875 0.09140625 0.0984375
2 0.58984375 0.93984375 0.08203125 0.10546875
2 0.5421875 0.8421875 0.0765625 0.07421875
2 0.609375 0.80390625 0.08203125 0.06484375
2 0.4671875 0.64921875 0.09140625 0.06015625
2 0.57578125 0.66015625 0.10078125 0.084375
2 0.8234375 0.41953125 0.13203125 0.06015625