2 0.0625 0.8234375 0.125 0.1921875
2 0.04296875 0.65859375 0.0859375 0.1203125
2 0.025 0.60078125 0.0484375 0.0984375
2 0.1359375 0.6203125 0.084375 0.0890625
2 0.10078125 0.55390625 0.08203125 0.11796875
2 0.16953125 0.5484375 0.0625 0.07421875
2 0.2671875 0.7234375 0.07421875 0.1296875
2 0.35234375 0.859375 0.084375 0.17578125
2 0.35234375 0.58984375 0.06015625 0.103125
2 0.2953125 0.56953125 0.05078125 0.12265625
2 0.38203125 0.53125 0.0625 0.11328125
2 0.54453125 0.65234375 0.0625 0.134375
2 0.49765625 0.71015625 0.06015625 0.1390625
2 0.53125 0.9125 0.05546875 0.1421875
2 0.28984375 0.46875 0.0578125 0.10546875