2 0.628125 0.95390625 0.13125 0.0921875
2 0.5484375 0.74609375 0.05546875 0.1203125
2 0.5484375 0.67421875 0.040625 0.13671875
2 0.2046875 0.8953125 0.22109375 0.209375
2 0.053125 0.65390625 0.08671875 0.0984375
2 0.04921875 0.60234375 0.0671875 0.0796875
2 0.025 0.55078125 0.05 0.0734375
2 0.20546875 0.74765625 0.0984375 0.1703125
2 0.25703125 0.67890625 0.04296875 0.084375
2 0.23671875 0.5734375 0.0625 0.0984375
2 0.18125 0.55546875 0.0359375 0.10078125
2 0.3078125 0.5796875 0.03828125 0.09375
2 0.26328125 0.484375 0.03828125 0.09140625
2 0.36640625 0.61328125 0.0625 0.09375
2 0.33046875 0.5203125 0.05078125 0.11328125
2 0.390625 0.5140625 0.0578125 0.12734375