2 0.103125 0.1953125 0.20625 0.215625
2 0.24140625 0.20546875 0.15390625 0.11328125
2 0.3609375 0.04921875 0.071875 0.09375
2 0.39921875 0.046875 0.06953125 0.0625
2 0.446875 0.021875 0.10078125 0.04296875
2 0.040625 0.63515625 0.08125 0.1265625
2 0.24140625 0.5484375 0.10546875 0.053125
2 0.328125 0.546875 0.12734375 0.0453125
2 0.38671875 0.36171875 0.08671875 0.0484375
2 0.43046875 0.178125 0.08671875 0.0359375
2 0.4171875 0.23046875 0.0890625 0.06015625
2 0.4828125 0.3296875 0.08203125 0.0484375
2 0.4015625 0.3109375 0.1078125 0.03828125
2 0.48828125 0.26953125 0.12265625 0.040625
2 0.48203125 0.3859375 0.10546875 0.053125