2 0.9 0.8109375 0.19921875 0.21171875
2 0.759375 0.80625 0.1703125 0.10078125
2 0.63203125 0.95078125 0.08671875 0.0796875
2 0.5953125 0.9546875 0.09609375 0.0484375
2 0.54921875 0.978125 0.1109375 0.04296875
2 0.6234375 0.63359375 0.103125 0.06484375
2 0.75625 0.44140625 0.1078125 0.0359375
2 0.6828125 0.4546875 0.1203125 0.03828125
2 0.525 0.6671875 0.0890625 0.04296875
2 0.571875 0.765625 0.10078125 0.0671875
2 0.56953125 0.81484375 0.08203125 0.040625
2 0.5734375 0.6984375 0.084375 0.0453125
2 0.49765625 0.7359375 0.08203125 0.0265625
2 0.50859375 0.62734375 0.1296875 0.0578125
2 0.96484375 0.34140625 0.06953125 0.1203125