2 0.11875 0.334375 0.2046875 0.0890625
2 0.26953125 0.24609375 0.13671875 0.09375
2 0.19375 0.0296875 0.146875 0.059375
2 0.35 0.021875 0.11328125 0.04296875
2 0.38125 0.10546875 0.08203125 0.07421875
2 0.428125 0.1 0.10078125 0.0484375
2 0.4546875 0.0484375 0.1078125 0.07421875
2 0.43515625 0.17890625 0.0796875 0.03828125
2 0.540625 0.27734375 0.0984375 0.06953125
2 0.4265625 0.26171875 0.11796875 0.08203125
2 0.4125 0.3390625 0.09140625 0.0453125
2 0.3859375 0.396875 0.09140625 0.04296875
2 0.48671875 0.37890625 0.125 0.06953125
2 0.071875 0.52734375 0.1296875 0.0671875
2 0.30078125 0.50703125 0.1078125 0.0625