2 0.53125 0.9265625 0.0578125 0.13671875
2 0.521875 0.71640625 0.04296875 0.13203125
2 0.2984375 0.8640625 0.12734375 0.22109375
2 0.24609375 0.73203125 0.06953125 0.1203125
2 0.17421875 0.56953125 0.0359375 0.1109375
2 0.10078125 0.6265625 0.0890625 0.071875
2 0.08671875 0.5828125 0.06015625 0.09609375
2 0.0421875 0.540625 0.0484375 0.08671875
2 0.01796875 0.640625 0.0359375 0.0890625
2 0.25390625 0.56484375 0.0578125 0.084375
2 0.265625 0.4640625 0.0484375 0.0890625
2 0.3234375 0.58203125 0.06484375 0.10078125
2 0.38828125 0.6140625 0.06484375 0.1078125
2 0.365625 0.5109375 0.05546875 0.09140625