2 0.90859375 0.1578125 0.1828125 0.19453125
2 0.94375 0.34375 0.1109375 0.13671875
2 0.7046875 0.27265625 0.06953125 0.14921875
2 0.62734375 0.14765625 0.0578125 0.18046875
2 0.4625 0.0875 0.05546875 0.14453125
2 0.4578125 0.3328125 0.040625 0.1515625
2 0.50703125 0.2875 0.040625 0.10078125
2 0.634375 0.4171875 0.04296875 0.10078125
2 0.69921875 0.421875 0.07421875 0.12734375
2 0.7015625 0.53828125 0.06015625 0.0984375
2 0.8609375 0.4265625 0.06015625 0.0890625
2 0.9109375 0.453125 0.05078125 0.10078125
2 0.9671875 0.4078125 0.06484375 0.115625
2 0.8125 0.43359375 0.05546875 0.09375