2 0.8921875 0.44609375 0.1515625 0.05078125
2 0.65234375 0.46875 0.13671875 0.0484375
2 0.8328125 0.609375 0.1390625 0.040625
2 0.71484375 0.70078125 0.1109375 0.06953125
2 0.82578125 0.859375 0.18984375 0.21640625
2 0.65 0.9234375 0.115625 0.12734375
2 0.5640625 0.696875 0.084375 0.0765625
2 0.46484375 0.678125 0.0796875 0.05078125
2 0.56875 0.6203125 0.07421875 0.0453125
2 0.546875 0.80390625 0.0765625 0.0359375
2 0.5484375 0.8609375 0.09140625 0.05546875
2 0.5765625 0.953125 0.115625 0.0796875