2 0.90234375 0.4625 0.1296875 0.0453125
2 0.83671875 0.62265625 0.146875 0.053125
2 0.7390625 0.6984375 0.0984375 0.0578125
2 0.6671875 0.71015625 0.0796875 0.040625
2 0.83046875 0.90390625 0.178125 0.1921875
2 0.65859375 0.93984375 0.11796875 0.1203125
2 0.60703125 0.9625 0.09140625 0.07421875
2 0.61875 0.85 0.08203125 0.08203125
2 0.546875 0.87265625 0.08203125 0.06484375
2 0.53984375 0.9171875 0.071875 0.0484375
2 0.55078125 0.82421875 0.0890625 0.04296875
2 0.4703125 0.70546875 0.09140625 0.071875
2 0.56875 0.703125 0.1078125 0.07421875
2 0.5765625 0.6359375 0.09140625 0.053125
2 0.646875 0.4578125 0.11796875 0.05078125
2 0.703125 0.5109375 0.115625 0.0484375