2 0.546875 0.8953125 0.0671875 0.16328125
2 0.53828125 0.63203125 0.0578125 0.1078125
2 0.48828125 0.70703125 0.03828125 0.1078125
2 0.3859375 0.834375 0.05078125 0.15625
2 0.30078125 0.72578125 0.06484375 0.1109375
2 0.1203125 0.83671875 0.22109375 0.1828125
2 0.0640625 0.6625 0.12265625 0.1390625
2 0.1625 0.60234375 0.0625 0.084375
2 0.13828125 0.55390625 0.06484375 0.0984375
2 0.078125 0.5515625 0.0625 0.115625
2 0.03828125 0.5984375 0.07421875 0.08203125
2 0.3140625 0.47734375 0.0578125 0.09140625
2 0.3125 0.55546875 0.06015625 0.10078125
2 0.37890625 0.5578125 0.05546875 0.12265625