2 0.44921875 0.07109375 0.08203125 0.1421875
2 0.7140625 0.11640625 0.1515625 0.196875
2 0.76796875 0.265625 0.08203125 0.1609375
2 0.74296875 0.4109375 0.05078125 0.0984375
2 0.821875 0.45078125 0.03828125 0.09609375
2 0.9078125 0.38203125 0.0796875 0.09609375
2 0.92421875 0.4203125 0.06953125 0.09140625
2 0.95703125 0.44921875 0.05078125 0.10546875
2 0.66796875 0.40625 0.05078125 0.0984375
2 0.7359375 0.5296875 0.06015625 0.08203125
2 0.65390625 0.490625 0.07421875 0.08671875
2 0.48203125 0.2953125 0.0625 0.11796875
2 0.44453125 0.3546875 0.05078125 0.134375
2 0.61328125 0.390625 0.06484375 0.10078125