2 0.18515625 0.040625 0.1828125 0.08125
2 0.3328125 0.03125 0.1109375 0.0625
2 0.45546875 0.053125 0.10078125 0.05546875
2 0.38203125 0.11796875 0.084375 0.0890625
2 0.42578125 0.10078125 0.084375 0.0625
2 0.2671875 0.2453125 0.14453125 0.10546875
2 0.125 0.35234375 0.18046875 0.07421875
2 0.41953125 0.33671875 0.084375 0.0484375
2 0.41953125 0.2765625 0.0984375 0.0671875
2 0.5265625 0.2765625 0.09140625 0.0578125
2 0.4625 0.18515625 0.11328125 0.053125
2 0.06875 0.52421875 0.13671875 0.0671875
2 0.28359375 0.5046875 0.13203125 0.06484375
2 0.4734375 0.384375 0.103125 0.0484375
2 0.36328125 0.5421875 0.13203125 0.0484375