2 0.665625 0.11875 0.0890625 0.2046875
2 0.75390625 0.26953125 0.09375 0.13671875
2 0.96953125 0.19375 0.0609375 0.146875
2 0.978125 0.35 0.04296875 0.11328125
2 0.89453125 0.38125 0.07421875 0.08203125
2 0.9 0.428125 0.0484375 0.10078125
2 0.9515625 0.4546875 0.07421875 0.1078125
2 0.82109375 0.43515625 0.03828125 0.0796875
2 0.72265625 0.540625 0.06953125 0.0984375
2 0.73828125 0.4265625 0.08203125 0.11796875
2 0.6609375 0.4125 0.0453125 0.09140625
2 0.603125 0.3859375 0.04296875 0.09140625
2 0.62109375 0.48671875 0.06953125 0.125
2 0.47265625 0.071875 0.0671875 0.1296875
2 0.49296875 0.30078125 0.0625 0.1078125