2 0.4328125 0.14453125 0.0453125 0.10546875
2 0.46640625 0.35703125 0.05546875 0.13203125
2 0.609375 0.1734375 0.06015625 0.13203125
2 0.69140625 0.2875 0.05546875 0.10078125
2 0.8328125 0.18046875 0.22109375 0.18984375
2 0.90390625 0.3453125 0.1078125 0.10078125
2 0.9484375 0.41328125 0.0984375 0.1421875
2 0.8578125 0.4671875 0.0578125 0.10078125
2 0.678125 0.4359375 0.07421875 0.0984375
2 0.67421875 0.5328125 0.053125 0.08671875
2 0.61796875 0.42421875 0.053125 0.10078125
2 0.8171875 0.40859375 0.053125 0.09609375