2 0.15 0.91484375 0.23046875 0.1703125
2 0.1671875 0.7703125 0.13203125 0.16796875
2 0.0359375 0.646875 0.06953125 0.0984375
2 0.03828125 0.603125 0.071875 0.07421875
2 0.21015625 0.584375 0.0890625 0.0984375
2 0.25703125 0.69375 0.05078125 0.115625
2 0.2765625 0.5328125 0.05546875 0.125
2 0.321875 0.52734375 0.0484375 0.0984375
2 0.36328125 0.61640625 0.05078125 0.1078125
2 0.3765625 0.53984375 0.06484375 0.12734375
2 0.5359375 0.6984375 0.0578125 0.14921875
2 0.5671875 0.75703125 0.0578125 0.1203125