2 0.10703125 0.55078125 0.1296875 0.0578125
2 0.1578125 0.38125 0.1421875 0.0453125
2 0.271875 0.30546875 0.125 0.0625
2 0.16953125 0.11171875 0.19453125 0.2234375
2 0.34609375 0.0640625 0.115625 0.12734375
2 0.4 0.03515625 0.09609375 0.06953125
2 0.45078125 0.0828125 0.071875 0.0484375
2 0.3921875 0.1578125 0.07421875 0.053125
2 0.4484375 0.13828125 0.0765625 0.05546875
2 0.45703125 0.1890625 0.0765625 0.04296875
2 0.43515625 0.2984375 0.09609375 0.07421875
2 0.53828125 0.3078125 0.11796875 0.05546875
2 0.42578125 0.37265625 0.09375 0.05546875
2 0.35703125 0.5484375 0.1109375 0.071875
2 0.296875 0.48828125 0.0984375 0.03828125