2 0.81484375 0.95859375 0.1828125 0.0828125
2 0.6671875 0.96875 0.1109375 0.0625
2 0.54453125 0.946875 0.10078125 0.05546875
2 0.61796875 0.88203125 0.084375 0.0890625
2 0.57421875 0.89921875 0.084375 0.0625
2 0.7328125 0.7546875 0.14453125 0.10546875
2 0.875 0.64765625 0.18046875 0.07421875
2 0.58046875 0.66328125 0.084375 0.0484375
2 0.58046875 0.7234375 0.0984375 0.0671875
2 0.4734375 0.7234375 0.09140625 0.0578125
2 0.5375 0.81484375 0.11328125 0.053125
2 0.93125 0.47578125 0.13671875 0.0671875
2 0.71640625 0.4953125 0.13203125 0.06484375
2 0.5265625 0.615625 0.103125 0.0484375
2 0.63671875 0.4578125 0.13203125 0.0484375